;;2017/02/07
;;Output from JOURNAL__20170206__FIND_WHERE_ESPEC_HAS_ORBS_BUT_JE_TIMES_DOESNT
;;These orbs are ones for which there are entries in the 20170203 eSpec DB, but not in the je_time_ind_files
17193       17194       17195       23549       24509       24510
24511       24512       24513       24514       24515       24516
24517       24520       24521       24522       24523       24524
24525       24526       24527       24528       24529       24531
24532       24533       24534       24535       24536       24537
24543       24544       24545       24547       24548       24549
24550       24551       24553       24554       24556       24559
24560       24561       24562       24563       24564       24566
24567       24568       24569       24570       24571       24572
24573       24574       24575       24576       24577       24578
24580       24581       24582       24583       24584       24585
24586       24587       24588       24589       24590       24591
24592       24593       24594       24595       24596       24597
24598       24599       24600       24601       24602       24603
24604       24605       24606       24607       24608       24609
24610       24611       24612       24613       24614       24615
24616       24617       24618       24620       24621       24622
24623       24624       24625       24626       24627       24628
24629       24630       24631       24632       24633       24634
